Frame: {(0,12) (12,12) (12,0) (0,0) (2.68328,1.34164) (0,4.47214) } Used polys:[(0,0) (2.68328,1.34164) (0,4.47214)  ][ ][ ][ ][ ][ ][ ][ ][ ][ ][ ][ ][ ][ ]
Frame: {(0,12) (12,12) (12,0) (0,0) (4,1) (0,3) } Used polys:[(0,3) (0,0) (4,1)  ][ ][ ][ ][ ][ ][ ][ ][ ][ ][ ][ ][ ][ ]
Frame: {(0,12) (12,12) (12,0) (0,0) (2.91043,3.3955) (0,4.12311) } Used polys:[(2.91043,3.3955) (0,4.12311) (0,0)  ][ ][ ][ ][ ][ ][ ][ ][ ][ ][ ][ ][ ][ ]
Frame: {(0,12) (12,12) (12,0) (0,0) (1.45521,5.82086) (0,4.12311) } Used polys:[ ][(0,0) (1.45521,5.82086) (0,4.12311)  ][ ][ ][ ][ ][ ][ ][ ][ ][ ][ ][ ][ ]
Frame: {(0,12) (12,12) (12,0) (0,0) (1,2) (0,6) } Used polys:[ ][(0,6) (0,0) (1,2)  ][ ][ ][ ][ ][ ][ ][ ][ ][ ][ ][ ][ ]
Frame: {(0,12) (12,12) (12,0) (3,0) (3,6) (1,8) (0,6) } Used polys:[ ][ ][(0,0) (3,0) (3,6) (1,8) (0,6)  ][ ][ ][ ][ ][ ][ ][ ][ ][ ][ ][ ]
Frame: {(0,12) (12,12) (12,0) (6,0) (8,2) (6,3) (0,3) } Used polys:[ ][ ][(0,3) (0,0) (6,0) (8,2) (6,3)  ][ ][ ][ ][ ][ ][ ][ ][ ][ ][ ][ ]
Frame: {(0,12) (12,12) (12,0) (0,0) (2.12132,0.707107) (6.36396,4.94975) (4.24264,7.07107) (0,2.82843) } Used polys:[ ][ ][(6.36396,4.94975) (4.24264,7.07107) (0,2.82843) (0,0) (2.12132,0.707107)  ][ ][ ][ ][ ][ ][ ][ ][ ][ ][ ][ ]
Frame: {(0,12) (12,12) (12,0) (0,0) (2.35339,8.62911) (0,10.198) } Used polys:[ ][ ][ ][(0,0) (2.35339,8.62911) (0,10.198)  ][ ][ ][ ][ ][ ][ ][ ][ ][ ][ ]
Frame: {(0,12) (12,12) (12,0) (0,0) (8.48528,5.65685) (0,2.82843) } Used polys:[ ][ ][ ][(8.48528,5.65685) (0,2.82843) (0,0)  ][ ][ ][ ][ ][ ][ ][ ][ ][ ][ ]
Frame: {(0,12) (12,12) (12,0) (0,0) (2,10) } Used polys:[ ][ ][ ][ ][(0,0) (2,10) (0,12)  ][ ][ ][ ][ ][ ][ ][ ][ ][ ]
Frame: {(0,12) (12,12) (12,0) (0,0) (8.48528,8.48528) (0,2.82843) } Used polys:[ ][ ][ ][ ][(8.48528,8.48528) (0,2.82843) (0,0)  ][ ][ ][ ][ ][ ][ ][ ][ ][ ]
Frame: {(0,12) (12,12) (12,0) (0,0) (4,4) (0,6) } Used polys:[ ][ ][ ][ ][ ][(0,0) (4,4) (0,6)  ][ ][ ][ ][ ][ ][ ][ ][ ]
Frame: {(0,12) (12,12) (12,0) (0,0) (4.24264,1.41421) (0,5.65685) } Used polys:[ ][ ][ ][ ][ ][(0,5.65685) (0,0) (4.24264,1.41421)  ][ ][ ][ ][ ][ ][ ][ ][ ]
Frame: {(0,12) (12,12) (12,0) (0,0) (5.36656,2.68328) (0,4.47214) } Used polys:[ ][ ][ ][ ][ ][(5.36656,2.68328) (0,4.47214) (0,0)  ][ ][ ][ ][ ][ ][ ][ ][ ]
Frame: {(0,12) (12,12) (12,0) (0,0) (4.24264,4.24264) (0,2.82843) } Used polys:[ ][ ][ ][ ][ ][ ][(0,2.82843) (0,0) (4.24264,4.24264)  ][ ][ ][ ][ ][ ][ ][ ]
Frame: {(0,12) (12,12) (12,0) (0,0) (2,4) (0,6) } Used polys:[ ][ ][ ][ ][ ][ ][(2,4) (0,6) (0,0)  ][ ][ ][ ][ ][ ][ ][ ]
Frame: {(0,12) (12,12) (12,0) (0,0) (2,4) (0,6) } Used polys:[ ][ ][ ][ ][ ][ ][ ][(0,0) (2,4) (0,6)  ][ ][ ][ ][ ][ ][ ]
Frame: {(0,12) (12,12) (12,0) (0,0) (4.24264,4.24264) (0,2.82843) } Used polys:[ ][ ][ ][ ][ ][ ][ ][(4.24264,4.24264) (0,2.82843) (0,0)  ][ ][ ][ ][ ][ ][ ]
Frame: {(0,12) (12,12) (12,0) (0,0) (5.36656,2.68328) (0,4.47214) } Used polys:[ ][ ][ ][ ][ ][ ][ ][ ][(0,0) (5.36656,2.68328) (0,4.47214)  ][ ][ ][ ][ ][ ]
Frame: {(0,12) (12,12) (12,0) (0,0) (4,4) (0,6) } Used polys:[ ][ ][ ][ ][ ][ ][ ][ ][(0,6) (0,0) (4,4)  ][ ][ ][ ][ ][ ]
Frame: {(0,12) (12,12) (12,0) (0,0) (4.24264,1.41421) (0,5.65685) } Used polys:[ ][ ][ ][ ][ ][ ][ ][ ][(4.24264,1.41421) (0,5.65685) (0,0)  ][ ][ ][ ][ ][ ]
Frame: {(0,12) (12,12) (12,0) (0,0) (2.12132,6.36396) (0,5.65685) } Used polys:[ ][ ][ ][ ][ ][ ][ ][ ][ ][(0,5.65685) (0,0) (2.12132,6.36396)  ][ ][ ][ ][ ]
Frame: {(0,12) (12,12) (12,0) (0,0) (1.78885,1.34164) (0,6.7082) } Used polys:[ ][ ][ ][ ][ ][ ][ ][ ][ ][(1.78885,1.34164) (0,6.7082) (0,0)  ][ ][ ][ ][ ]
Frame: {(0,12) (12,12) (12,0) (0,0) (6,3) (0,3) } Used polys:[ ][ ][ ][ ][ ][ ][ ][ ][ ][ ][(0,0) (6,3) (0,3)  ][ ][ ][ ]
Frame: {(0,12) (12,12) (12,0) (0,0) (2.68328,5.36656) (0,6.7082) } Used polys:[ ][ ][ ][ ][ ][ ][ ][ ][ ][ ][(0,6.7082) (0,0) (2.68328,5.36656)  ][ ][ ][ ]
Frame: {(0,12) (12,12) (12,0) (3,0) (0,6) } Used polys:[ ][ ][ ][ ][ ][ ][ ][ ][ ][ ][(3,0) (0,6) (0,0)  ][ ][ ][ ]
Frame: {(0,12) (12,12) (12,0) (0,0) (1.6641,2.49615) (0,3.60555) } Used polys:[ ][ ][ ][ ][ ][ ][ ][ ][ ][ ][ ][(0,0) (1.6641,2.49615) (0,3.60555)  ][ ][ ]
Frame: {(0,12) (12,12) (12,0) (2,0) (0,3) } Used polys:[ ][ ][ ][ ][ ][ ][ ][ ][ ][ ][ ][(0,3) (0,0) (2,0)  ][ ][ ]
Frame: {(0,12) (12,12) (12,0) (0,0) (3,2) (0,2) } Used polys:[ ][ ][ ][ ][ ][ ][ ][ ][ ][ ][ ][(3,2) (0,2) (0,0)  ][ ][ ]
Frame: {(0,12) (12,12) (12,0) (2.82843,0) (4.24264,7.07107) (0,2.82843) } Used polys:[ ][ ][ ][ ][ ][ ][ ][ ][ ][ ][ ][ ][(0,2.82843) (0,0) (2.82843,0) (4.24264,7.07107)  ][ ]
Frame: {(0,12) (12,12) (12,0) (0,0) (3.3282,4.9923) (2.7735,7.7658) (0,7.2111) } Used polys:[ ][ ][ ][ ][ ][ ][ ][ ][ ][ ][ ][ ][(3.3282,4.9923) (2.7735,7.7658) (0,7.2111) (0,0)  ][ ]
Frame: {(0,12) (12,12) (12,0) (0,0) (3.57771,0.447214) (5.36656,4.02492) (0,6.7082) } Used polys:[ ][ ][ ][ ][ ][ ][ ][ ][ ][ ][ ][ ][ ][(0,0) (3.57771,0.447214) (5.36656,4.02492) (0,6.7082)  ]
Frame: {(0,12) (12,12) (12,0) (6,0) (3,6) (0,4) } Used polys:[ ][ ][ ][ ][ ][ ][ ][ ][ ][ ][ ][ ][ ][(3,6) (0,4) (0,0) (6,0)  ]
Frame: {(0,12) (12,12) (12,0) (0,0) (6,3) (4,6) (0,6) } Used polys:[ ][ ][ ][ ][ ][ ][ ][ ][ ][ ][ ][ ][ ][(6,3) (4,6) (0,6) (0,0)  ]
